6.576
7.1363
7.3611
7.1223
7.2036
7.6072
7.9352
8.1926
8.0341
7.6714
7.7306
7.7039
6.9099
5.9699
5.4447
5.3306
5.4535
5.668
6.2315
7.3008
8.3995
8.6372
8.2456
7.9557
7.979
7.9882
7.82
7.5062
7.0739
6.7137
6.5054
6.3629
6.1991
6.0591
6.0462
6.1923
6.446
6.7445
7.1107
7.4899
7.7429
7.8244
7.6854
7.2389
6.4896
6.3002
7.1192
7.6482
6.5688
6.7691
7.5879
7.7126
8.444
8.2135
7.314
7.9323
8.6262
7.1149
5.8482
5.4473
5.4326
5.7633
5.6769
6.0184
7.1698
9.08
8.9167
7.9303
7.4543
7.8138
7.9166
7.6896
7.4593
6.914
6.5905
6.5161
6.5022
6.3011
6.0584
6.0219
6.2095
6.534
6.7589
7.1504
7.6749
7.9312
8.0531
8.0151
7.5614
6.6858
5.851
6.4102
8.1252
5.7497
6.3531
7.8277
6.8209
8.4996
8.2976
6.8908
8.2357
9.8537
6.7397
5.9377
6.1542
5.7097
6.6294
6.2822
6.4201
6.295
9.7351
8.3776
7.4795
6.7512
7.6798
7.6939
7.1039
7.305
6.6695
6.6337
6.6165
6.9084
6.5618
6.1188
6.147
6.2775
6.9093
6.7168
7.0368
7.9457
7.8787
8.0346
8.231
7.793
6.7196
5.7304
5.6973
5.4294
8.082
6.0546
6.8447
7.2906
6.9398
6.9572
8.6626
9.5706
8.0598
6.733
6.6554
7.7728
6.3797
6.0517
8.8652
7.3606
6.1156
7.7099
6.6942
7.5848
6.9766
6.957
7.3119
6.1103
6.3225
6.8176
7.1541
6.7028
7.5842
6.9022
6.3064
6.8464
6.2394
7.8759
6.662
6.7452
8.397
7.25
7.697
8.1068
7.7783
6.5057
6.0584
5.842
6.1957
7.4648
6.6717
6.7739
7.1517
6.9516
7.3729
7.9125
8.4016
8.6472
7.6947
7.1837
6.8213
6.2205
6.2553
7.8812
7.2047
6.4077
7.1503
6.6308
6.7066
6.9053
6.9138
6.4949
5.7755
5.7839
6.6406
7.4321
7.7303
7.2748
7.1218
7.4368
7.7078
7.2238
7.7769
7.3867
7.5185
7.1255
6.9808
7.2282
7.1596
7.2937
6.2596
6.786
6.7934
6.8077
7.5243
6.754
7.338
7.6104
6.9846
7.8104
6.7627
6.8033
9.5509
7.842
7.5039
6.0778
6.8397
6.2059
7.56
7.0769
6.8102
8.1038
6.5709
6.3599
6.8435
7.2433
6.4803
6.3032
6.247
7.3528
7.7096
8.6275
6.815
7.627
8.4259
8.6418
7.2332
8.3034
6.9787
8.3868
6.4615
7.2589
7.6142
6.2973
7.5122
6.215
7.2169
7.5408
6.7836
6.3737
7.7828
8.0638
8.317
6.9306
6.7388
7.0826
8.0264
7.8209
6.8274
7.477
8.3155
8.4021
8.6206
7.2047
8.2653
9.6142
6.6137
6.6058
7.4776
6.8435
7.4886
7.7836
7.5959
8.1798
9.1137
8.0165
7.1975
8.051
8.4907
9.0841
6.6574
7.6458
8.7822
5.9221
6.146
10.262
7.7497
8.4439
7.5924
7.2522
7.5097
6.8213
6.3478
5.9959
6.2518
6.9497
8.4871
8.1403
7.6073
9.2745
6.8539
8.7045
9.1572
7.8076
8.2247
9.1753
8.5164
7.0708
8.7035
7.9941
7.9898
6.6297
6.7946
7.5777
7.2323
8.5891
8.5088
7.8271
7.83
7.202
6.8803
9.2378
8.206
7.7796
6.9913
6.5469
7.4446
8.0074
7.0165
7.7713
9.6854
7.5364
9.1926
5.9231
8.3687
7.9515
6.746
6.5496
6.2311
6.457
7.3112
7.8899
7.6924
7.7707
8.3993
7.9636
8.3965
8.2665
7.675
7.4999
8.1556
7.5713
6.9228
7.603
7.3463
6.7737
6.4921
6.3903
6.9065
7.3952
7.7982
8.0227
7.5826
7.7061
7.0738
6.8891
7.8545
7.7834
7.2904
6.8285
6.9005
7.5585
8.1034
8.2645
8.7156
8.7158
7.528
6.9417
6.1228
7.1942
6.7686
6.7936
7.0782
6.955
7.5018
7.9321
7.2551
7.1524
7.2076
7.7408
8.8021
8.2157
7.0728
7.8009
6.6136
7.735
6.9724
6.6389
6.9989
6.9231
6.1965
6.8019
6.0924
6.6812
7.6818
6.8297
7.9497
7.2106
8.7164
7.8824
7.0304
6.8639
7.4258
7.6071
7.549
7.6449
8.0687
8.6699
9.218
9.3885
8.6758
7.2135
5.9401
5.9836
7.0806
5.5449
6.4692
6.4957
7.142
10.937
6.9279
6.4537
7.3423
7.8388
7.5589
12.073
7.0236
8.1912
9.8412
8.5024
7.9395
7.2708
6.9134
7.2094
7.2499
6.9093
7.1382
7.2999
7.9175
8.3574
7.967
8.2181
8.5232
9.1769
8.713
7.8309
7.7334
8.201
8.5156
8.526
8.405
8.534
9.1198
10.029
10.324
9.2855
7.6327
6.933
7.742
8.0034
6.3798
6.5403
7.4199
8.8614
9.2319
7.6849
6.9373
7.9735
8.3747
9.6412
10.791
9.0695
9.6853
9.8861
9.0147
8.6128
7.7844
7.3556
8.0125
8.4029
7.6322
8.0019
8.6422
9.4827
9.808
8.9293
8.9978
9.6001
9.9345
9.4503
8.4386
8.9351
9.2944
9.3822
9.3473
8.7935
8.5712
8.87
10.401
11.278
9.9211
7.9502
7.6757
10.253
9.9764
7.4515
6.8219
8.1737
10.315
7.7785
8.8898
7.3696
9.191
8.0033
10.147
9.8982
9.2117
11.164
9.0228
8.1839
9.0747
8.3014
7.7399
8.9632
9.7112
7.8587
8.9366
9.026
9.8512
10.576
8.5527
9.2081
9.8504
9.9495
10.039
8.143
9.5438
9.1872
8.9795
9.376
8.5241
8.3449
7.6719
9.4359
10.855
9.2785
8.017
6.4541
11.818
10.353
7.3847
7.2578
8.1084
9.2742
9.0018
10.324
7.7903
8.9753
7.7379
7.7061
9.4761
8.7305
10.969
7.8531
8.1759
7.8174
9.4747
7.8807
10.555
6.9482
9.8162
8.7011
8.1347
8.5021
8.3431
7.9333
8.7969
8.7862
8.384
9.0002
9.7895
7.8955
7.7477
7.4682
7.212
9.0612
7.5396
8.2109
7.1552
6.9194
7.1066
8.4578
7.4823
7.0137
8.2398
6.7112
7.8821
8.9222
8.8371
7.2155
9.7305
7.0179
8.1917
8.6545
8.0523
9.858
9.4483
8.7901
8.2289
7.3685
8.0919
8.6335
7.5568
8.9166
6.6832
7.6722
8.4853
8.4093
7.6017
8.8148
7.5493
8.2831
8.943
6.7172
8.4132
8.9716
9.1549
9.2168
7.4813
7.2246
8.9692
8.2572
9.3407
8.7943
8.5363
7.7275
7.3544
7.7274
7.9569
9.2432
8.2898
8.0421
7.8625
7.5486
8.8117
8.8634
9.4094
9.4081
8.1838
7.9868
10.328
9.4344
9.146
8.3843
7.689
6.956
9.3569
8.8806
8.9792
9.6142
9.7181
11.444
7.9483
7.6916
8.0233
7.9627
8.489
8.3643
8.0969
6.8144
7.7246
11.182
7.1367
8.2782
9.5966
9.0098
8.4496
8.1056
8.1813
8.7264
11.114
10.267
8.5392
7.6871
10.636
7.7119
8.076
9.7121
9.3912
11.078
12.566
9.0833
11.134
8.416
7.8857
7.3376
9.7147
8.8714
8.405
9.4925
9.1769
12.981
9.7979
9.0218
9.4031
9.0218
8.8121
8.2965
8.1488
7.8471
7.3986
7.9721
8.2453
7.5951
10.535
7.5975
7.8415
8.7905
10.004
11.379
8.5807
8.2179
8.5047
7.6266
7.2542
10.85
10.487
9.4712
9.2883
7.3172
7.7839
6.6739
6.0583
8.4605
6.2669
6.9063
8.9121
6.4019
6.2463
8.3566
7.7056
7.18
7.1845
7.5606
7.0245
8.737
8.4994
7.8895
10.551
9.4605
8.1374
6.8066
8.6535
8.1734
7.7283
7.6109
7.5837
7.5269
7.801
8.7847
7.6591
7.3838
8.4481
9.3729
9.3364
7.9985
7.6071
7.5616
7.2812
7.4582
9.2528
10.011
9.5919
8.5951
7.3406
7.9843
6.8589
7.3312
7.0148
8.0509
7.8422
7.2631
6.2283
6.5369
6.9157
6.4959
7.145
7.143
7.226
7.4744
7.2289
7.0455
7.0555
7.9844
6.4038
8.6945
7.2803
7.1066
6.9084
7.1849
7.7262
7.1283
6.8238
6.7854
6.8264
6.7626
7.0607
7.4954
7.5989
7.063
6.8388
7.1894
6.5394
7.1752
7.3445
8.3297
9.4052
9.0498
7.9117
6.6628
6.4986
7.3559
6.8243
7.5262
9.0229
8.4436
9.3365
8.318
8.6406
10.103
8.1485
7.5112
7.1037
7.4454
8.4825
8.9713
6.2392
5.7672
5.7746
5.725
6.8974
6.777
6.2611
6.1296
6.4649
6.7976
6.518
6.1462
5.933
5.8441
5.9648
6.2737
6.5086
6.4941
6.4094
6.8281
7.3921
6.5088
6.7081
7.1435
7.83
8.468
8.3145
7.538
6.8123
6.7169
8.1823
8.1617
7.3148
9.4288
5.5907
7.0148
7.061
7.6035
7.0512
7.3184
7.3949
6.3712
6.9541
7.999
7.9986
6.2791
5.1734
4.8886
5.0492
5.5534
5.7056
5.5443
5.503
5.6811
5.8309
5.7191
5.476
5.284
5.2199
5.3284
5.5554
5.7669
5.9201
6.1648
6.6412
6.927
6.6087
6.5704
6.8943
7.3578
7.7121
7.6705
7.2935
6.9224
6.6929
